                         variant  buys  gross_pct  net_pct  net_per_buy  months_pos  months  net_total_man  deployed_avg_man
w_take2.0_stop5.0_atr4.0_dev-1.0   478      0.412    0.182     3830.140           6      13        183.081           809.717
w_take2.0_stop5.0_atr4.0_dev-3.0   490      0.406    0.175     3686.300           6      13        180.629           824.095
 w_take2.0_stop5.0_atr4.0_dev0.0   456      0.397    0.166     3501.290           6      13        159.659           785.667
w_take2.0_stop4.0_atr4.0_dev-3.0   516      0.364    0.134     2814.664           6      13        145.237           818.223
w_take2.0_stop5.0_atr4.5_dev-1.0   669      0.361    0.130     2720.698           7      13        182.015          1064.863
w_take1.5_stop5.0_atr4.0_dev-1.0   545      0.360    0.129     2717.873           6      13        148.124           808.921
w_take2.0_stop4.0_atr4.0_dev-1.0   500      0.359    0.128     2708.966           6      13        135.448           802.889
w_take1.5_stop5.0_atr4.0_dev-3.0   560      0.358    0.127     2688.672           6      13        150.566           822.694
w_take2.0_stop5.0_atr4.5_dev-3.0   689      0.358    0.127     2664.856           7      13        183.609          1085.577
w_take2.0_stop3.0_atr4.0_dev-1.0   528      0.351    0.121     2541.157           5      13        134.173           792.656
 w_take1.5_stop5.0_atr4.0_dev0.0   520      0.349    0.118     2498.337           6      13        129.914           784.870
 w_take2.0_stop5.0_atr4.5_dev0.0   642      0.347    0.116     2435.873           7      13        156.383          1036.686
w_take2.0_stop3.0_atr4.0_dev-3.0   546      0.335    0.104     2187.889           6      13        119.459           813.317
w_take2.0_stop3.0_atr4.5_dev-1.0   744      0.333    0.102     2143.127           6      13        159.449          1041.758
w_take1.2_stop5.0_atr4.0_dev-1.0   636      0.332    0.101     2129.368           6      13        135.428           806.033
 w_take2.0_stop4.0_atr4.0_dev0.0   474      0.331    0.100     2109.780           6      13        100.004           775.628
w_take1.2_stop5.0_atr4.0_dev-3.0   652      0.330    0.100     2102.346           6      13        137.073           819.799
 w_take2.0_stop3.0_atr4.0_dev0.0   496      0.326    0.095     2003.828           5      13         99.390           757.697
w_take2.0_stop4.0_atr4.5_dev-3.0   727      0.324    0.094     1962.807           7      13        142.696          1073.098
w_take2.0_stop3.0_atr5.0_dev-1.0   962      0.324    0.094     1953.868           7      13        187.962          1268.049
w_take1.5_stop4.0_atr4.0_dev-3.0   591      0.321    0.090     1902.080           6      13        112.413           817.437
w_take2.0_stop3.0_atr4.5_dev-3.0   774      0.320    0.089     1862.602           7      13        144.165          1073.400
 w_take2.0_stop5.0_atr5.0_dev0.0   826      0.319    0.089     1850.488          10      13        152.850          1257.955
 w_take1.2_stop5.0_atr4.0_dev0.0   607      0.318    0.087     1845.224           6      13        112.005           781.922
w_take2.0_stop3.0_atr5.0_dev-3.0  1001      0.316    0.086     1786.284           8      13        178.807          1306.317
w_take2.0_stop4.0_atr4.5_dev-1.0   703      0.316    0.085     1786.403           7      13        125.584          1052.002
w_take1.5_stop4.0_atr4.0_dev-1.0   572      0.315    0.084     1775.684           6      13        101.569           802.082
w_take2.0_stop5.0_atr5.0_dev-1.0   862      0.314    0.083     1732.043           9      13        149.302          1295.721
 w_take2.0_stop3.0_atr5.0_dev0.0   902      0.310    0.079     1657.383           7      13        149.496          1211.386
w_take2.0_stop5.0_atr5.0_dev-3.0   887      0.310    0.079     1650.100           9      13        146.364          1320.035
w_take1.5_stop5.0_atr4.5_dev-3.0   792      0.304    0.073     1532.336           8      13        121.361          1081.361
w_take1.5_stop5.0_atr4.5_dev-1.0   768      0.303    0.072     1510.953           7      13        116.041          1061.235
w_take1.2_stop5.0_atr4.5_dev-1.0   890      0.300    0.070     1465.393           6      13        130.420          1056.222
 w_take2.0_stop3.0_atr4.5_dev0.0   697      0.298    0.068     1418.707           6      13         98.884           997.479
 w_take1.5_stop4.0_atr4.0_dev0.0   542      0.297    0.066     1401.655           6      13         75.970           774.051
w_take1.2_stop5.0_atr4.5_dev-3.0   920      0.295    0.065     1359.197           7      13        125.046          1077.104
w_take1.2_stop4.0_atr4.0_dev-3.0   685      0.294    0.063     1333.767           6      13         91.363           813.018
w_take1.0_stop5.0_atr4.0_dev-3.0   741      0.292    0.062     1304.579           6      13         96.669           814.263
w_take1.0_stop5.0_atr4.0_dev-1.0   722      0.292    0.061     1294.600           6      13         93.470           800.485
 w_take1.5_stop5.0_atr4.5_dev0.0   737      0.292    0.061     1277.890           7      13         94.181          1033.062
w_take2.0_stop4.0_atr5.0_dev-3.0   936      0.290    0.060     1247.497           9      13        116.766          1311.641
 w_take1.2_stop5.0_atr4.5_dev0.0   854      0.289    0.058     1223.414           7      13        104.480          1027.974
w_take1.2_stop4.0_atr4.0_dev-1.0   664      0.289    0.058     1226.848           6      13         81.463           797.663
 w_take1.0_stop5.0_atr4.0_dev0.0   691      0.289    0.058     1225.499           6      13         84.682           774.819
w_take1.5_stop4.0_atr4.5_dev-3.0   835      0.288    0.057     1194.707           8      13         99.758          1072.595
w_take2.0_stop4.0_atr5.0_dev-1.0   906      0.283    0.052     1085.667           9      13         98.361          1284.802
 w_take2.0_stop4.0_atr4.5_dev0.0   666      0.283    0.052     1088.594           7      13         72.500          1017.060
 w_take1.5_stop3.0_atr4.0_dev0.0   571      0.281    0.051     1073.718           6      13         61.309           754.503
w_take1.5_stop3.0_atr4.0_dev-1.0   607      0.281    0.051     1068.426           6      13         64.853           790.976
w_take1.5_stop4.0_atr4.5_dev-1.0   807      0.280    0.049     1025.507           7      13         82.758          1051.462
 w_take1.5_stop5.0_atr5.0_dev0.0   951      0.277    0.046      969.286          10      13         92.179          1253.582
 w_take2.0_stop4.0_atr5.0_dev0.0   858      0.275    0.045      932.453           9      13         80.004          1237.096
w_take1.5_stop5.0_atr5.0_dev-3.0  1026      0.274    0.044      909.902           9      13         93.356          1316.610
w_take1.5_stop5.0_atr5.0_dev-1.0   994      0.274    0.043      898.496           9      13         89.310          1290.583
 w_take1.2_stop5.0_atr5.0_dev0.0  1102      0.274    0.043      897.981           9      13         98.958          1245.534
w_take1.2_stop5.0_atr5.0_dev-1.0  1153      0.272    0.042      873.671           9      13        100.734          1283.426
w_take1.2_stop3.0_atr4.5_dev-1.0   988      0.272    0.041      861.798           6      13         85.146          1033.254
w_take1.0_stop5.0_atr4.5_dev-1.0  1008      0.271    0.040      838.506           6      13         84.521          1050.766
 w_take1.2_stop4.0_atr4.0_dev0.0   630      0.270    0.039      829.962           5      13         52.288           769.572
w_take1.2_stop4.0_atr4.5_dev-3.0   968      0.270    0.039      816.876           7      13         79.074          1065.241
w_take1.5_stop3.0_atr4.0_dev-3.0   628      0.269    0.039      817.106           6      13         51.314           811.658
w_take1.2_stop5.0_atr5.0_dev-3.0  1194      0.269    0.038      797.502           9      13         95.222          1310.229
w_take1.2_stop3.0_atr4.0_dev-1.0   703      0.268    0.037      785.067           7      13         55.190           786.674
w_take1.5_stop3.0_atr4.5_dev-1.0   856      0.267    0.037      769.041           5      13         65.830          1039.666
w_take1.0_stop5.0_atr4.5_dev-3.0  1041      0.267    0.036      759.116           7      13         79.024          1071.661
 w_take1.5_stop3.0_atr5.0_dev0.0  1042      0.267    0.036      754.578           7      13         78.627          1206.869
w_take1.2_stop3.0_atr5.0_dev-1.0  1288      0.266    0.035      738.637           8      13         95.137          1259.620
 w_take1.2_stop3.0_atr5.0_dev0.0  1209      0.266    0.035      734.931           8      13         88.853          1200.424
 w_take1.0_stop5.0_atr4.5_dev0.0   968      0.265    0.034      723.887           6      13         70.072          1018.592
w_take1.5_stop3.0_atr5.0_dev-1.0  1111      0.265    0.034      719.629           7      13         79.951          1264.442
 w_take1.2_stop3.0_atr4.0_dev0.0   663      0.265    0.034      717.970           6      13         47.601           750.141
w_take1.0_stop4.0_atr4.0_dev-3.0   777      0.264    0.034      711.490           6      13         55.283           809.090
w_take1.2_stop4.0_atr4.5_dev-1.0   934      0.263    0.033      684.450           6      13         63.928          1044.133
 w_take1.2_stop3.0_atr4.5_dev0.0   928      0.260    0.030      626.957           6      13         58.182           987.245
w_take1.2_stop3.0_atr4.5_dev-3.0  1029      0.260    0.029      618.952           6      13         63.690          1066.477
w_take1.5_stop4.0_atr5.0_dev-3.0  1082      0.259    0.029      595.091           9      13         64.389          1311.085
w_take1.5_stop3.0_atr5.0_dev-3.0  1159      0.259    0.028      590.525           8      13         68.442          1304.262
w_take1.2_stop4.0_atr5.0_dev-3.0  1256      0.258    0.027      564.348           9      13         70.882          1300.161
 w_take1.5_stop4.0_atr4.5_dev0.0   764      0.258    0.027      565.618           6      13         43.213          1014.962
w_take1.5_stop3.0_atr4.5_dev-3.0   890      0.257    0.026      554.570           7      13         49.357          1071.346
w_take1.0_stop4.0_atr4.0_dev-1.0   751      0.257    0.026      549.570           6      13         41.273           793.718
 w_take1.5_stop3.0_atr4.5_dev0.0   803      0.256    0.026      539.176           5      13         43.296           993.717
w_take1.2_stop3.0_atr5.0_dev-3.0  1343      0.256    0.025      521.627           8      13         70.055          1300.213
w_take1.2_stop3.0_atr4.0_dev-3.0   727      0.255    0.025      522.394           7      13         37.978           808.924
 w_take1.0_stop3.0_atr4.0_dev0.0   754      0.250    0.020      413.853           6      13         31.205           746.198
w_take1.5_stop4.0_atr5.0_dev-1.0  1045      0.250    0.019      400.246           9      13         41.826          1282.697
w_take1.2_stop4.0_atr5.0_dev-1.0  1208      0.247    0.017      354.591           9      13         42.835          1271.781
 w_take1.0_stop4.0_atr4.0_dev0.0   716      0.246    0.016      334.865           6      13         23.976           766.412
 w_take1.5_stop4.0_atr5.0_dev0.0   988      0.246    0.016      329.521           9      13         32.557          1234.194
 w_take1.0_stop5.0_atr5.0_dev0.0  1246      0.246    0.015      319.256           9      13         39.779          1238.824
w_take1.0_stop4.0_atr4.5_dev-3.0  1091      0.246    0.015      317.806           7      13         34.673          1061.406
w_take1.0_stop3.0_atr4.0_dev-1.0   795      0.246    0.015      317.273           6      13         25.223           782.013
w_take1.0_stop3.0_atr4.5_dev-1.0  1115      0.244    0.013      272.669           5      13         30.403          1029.495
 w_take1.2_stop4.0_atr5.0_dev0.0  1140      0.241    0.010      209.728           9      13         23.909          1222.391
 w_take1.0_stop3.0_atr5.0_dev0.0  1356      0.240    0.009      197.537           7      13         26.786          1197.046
w_take1.0_stop5.0_atr5.0_dev-1.0  1299      0.240    0.009      189.753           9      13         24.649          1277.467
 w_take1.2_stop4.0_atr4.5_dev0.0   883      0.239    0.008      169.425           6      13         14.960          1006.979
w_take1.0_stop4.0_atr4.5_dev-1.0  1052      0.238    0.008      162.496           6      13         17.095          1040.281
w_take1.0_stop5.0_atr5.0_dev-3.0  1345      0.238    0.007      155.567           8      13         20.924          1304.282
 w_take1.0_stop3.0_atr4.5_dev0.0  1050      0.237    0.007      139.191           5      13         14.615           981.821
w_take1.0_stop3.0_atr4.0_dev-3.0   823      0.236    0.006      124.735           6      13         10.266           804.276
w_take1.0_stop3.0_atr5.0_dev-1.0  1439      0.236    0.006      117.481           7      13         16.906          1254.769
w_take1.0_stop3.0_atr4.5_dev-3.0  1160      0.234    0.004       78.663           6      13          9.125          1062.731
w_take1.0_stop4.0_atr5.0_dev-3.0  1412      0.231    0.001       11.601           9      13          1.638          1296.582
w_take1.0_stop3.0_atr5.0_dev-3.0  1501      0.229   -0.002      -38.850           7      13         -5.831          1295.371
 w_take1.0_stop4.0_atr4.5_dev0.0   998      0.220   -0.010     -219.847           6      13        -21.941          1001.542
w_take1.0_stop4.0_atr5.0_dev-1.0  1355      0.219   -0.012     -247.582           9      13        -33.547          1268.185
 w_take1.0_stop4.0_atr5.0_dev0.0  1285      0.216   -0.014     -299.544           9      13        -38.491          1220.349
